98
Australia_B_EPI_ISL_416411_2020.066        0.0000000 0.0002048 0.0001706 0.0002368 0.0002376 0.0002390 0.0003860 0.0003409 0.0003806 0.0003158 0.0003053 0.0002034 0.0004125 0.0000681 0.0002710 0.0001339 0.0003415 0.0003482 0.0004496 0.0003097 0.0002714 0.0003053 0.0003418 0.0002807 0.0003828 0.0003092 0.0003406 0.0002760 0.0002710 0.0003402 0.0003762 0.0003404 0.0002709 0.0002723 0.0003045 0.0003053 0.0003106 0.0003062 0.0003739 0.0003396 0.0004426 0.0002713 0.0004490 0.0003796 0.0004086 0.0003061 0.0002715 0.0002707 0.0002709 0.0003056 0.0002368 0.0001340 0.0002042 0.0002717 0.0004104 0.0003064 0.0003769 0.0004095 0.0003061 0.0004522 0.0003121 0.0003413 0.0005262 0.0004131 0.0002726 0.0003054 0.0003409 0.0004193 0.0003844 0.0004470 0.0002765 0.0001347 0.0003768 0.0004105 0.0003440 0.0003773 0.0004833 0.0002840 0.0005156 0.0003764 0.0004098 0.0002049 0.0004856 0.0004503 0.0003745 0.0002376 0.0003808 0.0002716 0.0004847 0.0003112 0.0003112 0.0005212 0.0001339 0.0001686 0.0003103 0.0003077 0.0003766 0.0003058 
Australia_B_EPI_ISL_416515_2020.202        0.0002048 0.0000000 0.0003113 0.0004485 0.0004500 0.0004491 0.0004213 0.0003439 0.0005261 0.0004574 0.0004827 0.0003791 0.0004849 0.0002763 0.0002733 0.0002046 0.0004848 0.0004902 0.0006709 0.0003814 0.0003094 0.0004472 0.0003802 0.0004601 0.0005656 0.0004890 0.0004836 0.0004196 0.0004836 0.0004141 0.0005552 0.0005555 0.0003434 0.0004490 0.0003084 0.0005189 0.0005275 0.0004484 0.0004472 0.0004821 0.0006595 0.0002747 0.0005952 0.0005247 0.0004825 0.0005202 0.0002739 0.0004830 0.0004121 0.0004477 0.0002398 0.0002054 0.0002399 0.0004488 0.0005205 0.0003442 0.0005572 0.0004476 0.0004484 0.0005977 0.0004562 0.0005569 0.0007505 0.0006272 0.0002053 0.0004121 0.0004858 0.0005652 0.0004240 0.0004857 0.0004911 0.0000680 0.0004487 0.0005551 0.0005615 0.0005947 0.0005604 0.0004653 0.0006253 0.0004841 0.0005541 0.0003464 0.0007084 0.0005621 0.0005903 0.0003793 0.0005285 0.0004847 0.0007070 0.0004546 0.0004566 0.0007452 0.0001352 0.0000338 0.0005271 0.0004865 0.0004844 0.0004474 
Australia_B.3_EPI_ISL_419813_2020.205      0.0001706 0.0003113 0.0000000 0.0003438 0.0003448 0.0003468 0.0005294 0.0004493 0.0004194 0.0003869 0.0004136 0.0003100 0.0004863 0.0001720 0.0003778 0.0003085 0.0004509 0.0003869 0.0005619 0.0003826 0.0004496 0.0003427 0.0005227 0.0003924 0.0004947 0.0004189 0.0003785 0.0003136 0.0003786 0.0005202 0.0004493 0.0004496 0.0004488 0.0003440 0.0004830 0.0004136 0.0004205 0.0003437 0.0004120 0.0003774 0.0005184 0.0004495 0.0004885 0.0004184 0.0004472 0.0004145 0.0003784 0.0003781 0.0003079 0.0003431 0.0004140 0.0003096 0.0003452 0.0003796 0.0005211 0.0004860 0.0004873 0.0004481 0.0003436 0.0005272 0.0003489 0.0004507 0.0006370 0.0004887 0.0004148 0.0003428 0.0004502 0.0004944 0.0005702 0.0004863 0.0003863 0.0002406 0.0004500 0.0004492 0.0004544 0.0004879 0.0006687 0.0003594 0.0005555 0.0004147 0.0004485 0.0003122 0.0005998 0.0005628 0.0004842 0.0003448 0.0004922 0.0003793 0.0005986 0.0003845 0.0002081 0.0006363 0.0002392 0.0002736 0.0004202 0.0004168 0.0004150 0.0003432 
Australia_A.1_EPI_ISL_419716_2020.21       0.0002368 0.0004485 0.0003438 0.0000000 0.0004102 0.0000010 0.0006385 0.0005858 0.0005572 0.0000689 0.0004783 0.0000671 0.0005885 0.0002408 0.0005136 0.0003739 0.0005159 0.0005258 0.0004860 0.0004853 0.0005143 0.0004784 0.0005874 0.0004239 0.0005604 0.0001354 0.0005146 0.0004514 0.0004435 0.0005845 0.0005511 0.0005143 0.0005133 0.0004457 0.0005472 0.0004784 0.0004863 0.0004796 0.0004093 0.0005130 0.0006171 0.0005142 0.0004852 0.0005557 0.0004443 0.0004796 0.0005146 0.0004429 0.0004435 0.0004788 0.0004788 0.0003752 0.0004473 0.0000335 0.0004462 0.0005507 0.0005522 0.0004453 0.0004796 0.0006315 0.0004887 0.0001697 0.0007075 0.0003087 0.0005167 0.0001350 0.0003764 0.0005991 0.0006359 0.0004832 0.0004527 0.0003771 0.0005520 0.0005857 0.0005198 0.0005528 0.0007327 0.0003919 0.0006923 0.0005514 0.0005847 0.0003783 0.0005221 0.0004867 0.0005487 0.0004101 0.0004170 0.0004445 0.0005212 0.0004877 0.0004877 0.0007007 0.0003748 0.0004091 0.0004858 0.0004822 0.0005517 0.0004792 
Australia_B.1_EPI_ISL_419725_2020.216      0.0002376 0.0004500 0.0003448 0.0004102 0.0000000 0.0003779 0.0006025 0.0005502 0.0002767 0.0004592 0.0002034 0.0003412 0.0005523 0.0002062 0.0005152 0.0003750 0.0001694 0.0001379 0.0005549 0.0004502 0.0004796 0.0002035 0.0005516 0.0001754 0.0002426 0.0004495 0.0002032 0.0001373 0.0001693 0.0005136 0.0002036 0.0001689 0.0005150 0.0001700 0.0005489 0.0002035 0.0001371 0.0001353 0.0005494 0.0002376 0.0003403 0.0004438 0.0006287 0.0002761 0.0005848 0.0001340 0.0005160 0.0001691 0.0001693 0.0002037 0.0004803 0.0003057 0.0004125 0.0004462 0.0005869 0.0005215 0.0002040 0.0005860 0.0002040 0.0003114 0.0002081 0.0004450 0.0003843 0.0005543 0.0004809 0.0004799 0.0004803 0.0002785 0.0006000 0.0005882 0.0001376 0.0003782 0.0005160 0.0002726 0.0002055 0.0002390 0.0006972 0.0001413 0.0003757 0.0002381 0.0002720 0.0003436 0.0005912 0.0005557 0.0002027 0.0003404 0.0005223 0.0001352 0.0005901 0.0001721 0.0004524 0.0003807 0.0003758 0.0004104 0.0002067 0.0001702 0.0002736 0.0001692 
Australia_A.1_EPI_ISL_419719_2020.208      0.0002390 0.0004491 0.0003468 0.0000010 0.0003779 0.0000000 0.0006387 0.0005546 0.0005621 0.0000689 0.0004827 0.0000677 0.0005568 0.0002408 0.0005182 0.0003772 0.0004124 0.0004899 0.0004535 0.0004891 0.0004834 0.0004827 0.0005562 0.0004244 0.0005649 0.0001364 0.0004831 0.0004193 0.0004475 0.0005527 0.0005192 0.0004824 0.0005180 0.0004493 0.0005522 0.0004827 0.0004538 0.0004840 0.0004131 0.0005177 0.0006227 0.0004823 0.0004896 0.0005609 0.0004483 0.0004474 0.0005191 0.0004470 0.0004475 0.0004832 0.0004832 0.0003427 0.0004499 0.0000338 0.0004498 0.0005195 0.0005201 0.0004492 0.0004840 0.0006000 0.0004924 0.0001364 0.0007119 0.0003088 0.0004847 0.0001362 0.0003794 0.0006039 0.0006411 0.0004870 0.0004539 0.0003804 0.0005202 0.0005908 0.0005240 0.0005572 0.0007386 0.0003919 0.0006611 0.0005200 0.0005894 0.0003813 0.0004897 0.0004541 0.0005168 0.0003779 0.0004203 0.0004480 0.0004888 0.0004916 0.0004561 0.0007064 0.0003780 0.0004128 0.0004900 0.0004860 0.0005563 0.0004827 
Australia_B.40_EPI_ISL_416518_2020.205     0.0003860 0.0004213 0.0005294 0.0006385 0.0006025 0.0006387 0.0000000 0.0001034 0.0007586 0.0006469 0.0007113 0.0006039 0.0006399 0.0004576 0.0004920 0.0003149 0.0006382 0.0006831 0.0008317 0.0005712 0.0003505 0.0006723 0.0005687 0.0006943 0.0008034 0.0007201 0.0006729 0.0006094 0.0006747 0.0004209 0.0006741 0.0007109 0.0005297 0.0006023 0.0005645 0.0007113 0.0006854 0.0006741 0.0006723 0.0007083 0.0007838 0.0004575 0.0008293 0.0007567 0.0007090 0.0006746 0.0004928 0.0006739 0.0006358 0.0006729 0.0004940 0.0002798 0.0002442 0.0006767 0.0007521 0.0005312 0.0007525 0.0007105 0.0006740 0.0007598 0.0006838 0.0007127 0.0009471 0.0007870 0.0004222 0.0006723 0.0006773 0.0007651 0.0006558 0.0007513 0.0006849 0.0003517 0.0006023 0.0007857 0.0007571 0.0007907 0.0007184 0.0006709 0.0008583 0.0007106 0.0007829 0.0005714 0.0008705 0.0007594 0.0007465 0.0005297 0.0007249 0.0006756 0.0008687 0.0006482 0.0006882 0.0009480 0.0002791 0.0003848 0.0007234 0.0007165 0.0007494 0.0006723 
Australia_B.40_EPI_ISL_419729_2020.216     0.0003409 0.0003439 0.0004493 0.0005858 0.0005502 0.0005546 0.0001034 0.0000000 0.0006664 0.0006028 0.0006563 0.0005165 0.0005866 0.0003814 0.0004095 0.0002720 0.0006572 0.0005606 0.0007715 0.0005197 0.0003062 0.0005841 0.0004821 0.0006436 0.0007076 0.0006281 0.0005489 0.0004860 0.0006209 0.0003744 0.0006549 0.0006553 0.0004803 0.0005863 0.0005142 0.0006564 0.0006298 0.0005857 0.0005842 0.0006190 0.0007983 0.0004443 0.0007352 0.0006647 0.0006196 0.0006202 0.0004102 0.0006202 0.0005488 0.0005846 0.0004456 0.0002376 0.0002038 0.0006227 0.0006952 0.0004812 0.0006942 0.0006209 0.0005856 0.0007017 0.0005975 0.0006569 0.0008561 0.0007340 0.0003757 0.0005841 0.0005875 0.0007068 0.0005649 0.0006239 0.0005968 0.0002733 0.0005502 0.0006563 0.0006638 0.0006966 0.0006626 0.0005747 0.0007267 0.0005857 0.0006552 0.0004846 0.0008090 0.0007013 0.0006898 0.0004797 0.0006322 0.0005860 0.0008074 0.0005940 0.0006322 0.0008479 0.0002033 0.0003058 0.0006677 0.0006250 0.0006587 0.0005490 
Australia_B.1.1_EPI_ISL_419730_2020.216    0.0003806 0.0005261 0.0004194 0.0005572 0.0002767 0.0005621 0.0007586 0.0006664 0.0000000 0.0006122 0.0003457 0.0005235 0.0007051 0.0003869 0.0005914 0.0005210 0.0003826 0.0003176 0.0007842 0.0006000 0.0006667 0.0002752 0.0007428 0.0003221 0.0002048 0.0006377 0.0003107 0.0002448 0.0003107 0.0007389 0.0003813 0.0003815 0.0006656 0.0002761 0.0007000 0.0003457 0.0001354 0.0002759 0.0006270 0.0003098 0.0004855 0.0006665 0.0007079 0.0001339 0.0006630 0.0003465 0.0005934 0.0003104 0.0002404 0.0002754 0.0006301 0.0005228 0.0005596 0.0005954 0.0007402 0.0007047 0.0004188 0.0006645 0.0002759 0.0002377 0.0000674 0.0006685 0.0005730 0.0007453 0.0006313 0.0005556 0.0006675 0.0002046 0.0007958 0.0007047 0.0003171 0.0004530 0.0006674 0.0003812 0.0003856 0.0004194 0.0008930 0.0002885 0.0004873 0.0003467 0.0003806 0.0005272 0.0008223 0.0007854 0.0004162 0.0005598 0.0007135 0.0003113 0.0008206 0.0003156 0.0006420 0.0003411 0.0004502 0.0004852 0.0001353 0.0003484 0.0003469 0.0002755 
Australia_A.1_EPI_ISL_468067_2020.221      0.0003158 0.0004574 0.0003869 0.0000689 0.0004592 0.0000689 0.0006469 0.0006028 0.0006122 0.0000000 0.0005285 0.0001034 0.0005297 0.0003155 0.0005652 0.0004583 0.0004944 0.0005363 0.0005379 0.0004583 0.0005677 0.0005290 0.0005676 0.0004726 0.0005757 0.0001390 0.0005294 0.0004645 0.0005307 0.0006391 0.0005302 0.0005668 0.0006036 0.0004225 0.0006385 0.0005671 0.0005383 0.0005305 0.0004577 0.0005647 0.0006379 0.0005666 0.0005366 0.0006107 0.0004938 0.0005307 0.0005663 0.0005302 0.0004928 0.0005295 0.0005677 0.0004226 0.0004585 0.0000689 0.0004947 0.0005733 0.0005668 0.0004566 0.0005302 0.0005754 0.0005371 0.0002103 0.0007602 0.0003158 0.0003903 0.0001741 0.0004590 0.0005728 0.0006869 0.0004925 0.0005348 0.0004219 0.0004223 0.0006031 0.0005334 0.0006444 0.0008324 0.0004025 0.0006064 0.0004927 0.0006374 0.0004224 0.0005763 0.0004221 0.0006020 0.0004591 0.0004590 0.0005307 0.0005752 0.0004602 0.0005051 0.0007597 0.0004217 0.0004574 0.0005769 0.0005298 0.0005284 0.0005290 
Australia_B.1_EPI_ISL_419830_2020.221      0.0003053 0.0004827 0.0004136 0.0004783 0.0002034 0.0004827 0.0007113 0.0006563 0.0003457 0.0005285 0.0000000 0.0003743 0.0005863 0.0003103 0.0005835 0.0004430 0.0003070 0.0003131 0.0006990 0.0004834 0.0005844 0.0002712 0.0006198 0.0002094 0.0003111 0.0005174 0.0003063 0.0002413 0.0002369 0.0006549 0.0003417 0.0003061 0.0005833 0.0002381 0.0006171 0.0002711 0.0002759 0.0002719 0.0006177 0.0003053 0.0004082 0.0005842 0.0006981 0.0003449 0.0006531 0.0002718 0.0005846 0.0002366 0.0002368 0.0002714 0.0005486 0.0004446 0.0005174 0.0004431 0.0005833 0.0005839 0.0002721 0.0005821 0.0002718 0.0004168 0.0002772 0.0005858 0.0004907 0.0006605 0.0005501 0.0005481 0.0005851 0.0003123 0.0006334 0.0006209 0.0002417 0.0004467 0.0006220 0.0003760 0.0003093 0.0003427 0.0008055 0.0002482 0.0004444 0.0003058 0.0003753 0.0003769 0.0007362 0.0006601 0.0003402 0.0004798 0.0006287 0.0002374 0.0007347 0.0002059 0.0005215 0.0004861 0.0004440 0.0004785 0.0002756 0.0002036 0.0003060 0.0002716 
Australia_A.1_EPI_ISL_563817_2020.213      0.0002034 0.0003791 0.0003100 0.0000671 0.0003412 0.0000677 0.0006039 0.0005165 0.0005235 0.0001034 0.0003743 0.0000000 0.0004462 0.0002065 0.0004803 0.0003406 0.0004461 0.0004553 0.0004158 0.0003791 0.0004802 0.0004452 0.0004804 0.0003522 0.0004879 0.0001354 0.0004456 0.0003817 0.0004102 0.0005145 0.0004812 0.0004449 0.0004802 0.0004119 0.0005141 0.0004452 0.0004161 0.0004464 0.0003761 0.0004799 0.0005842 0.0004448 0.0004516 0.0005223 0.0004110 0.0004102 0.0004812 0.0004099 0.0004102 0.0004456 0.0004456 0.0003063 0.0004129 0.0000336 0.0003413 0.0004451 0.0004105 0.0003409 0.0004463 0.0005234 0.0004547 0.0001356 0.0006725 0.0003451 0.0004107 0.0001354 0.0003424 0.0004899 0.0005268 0.0003775 0.0004182 0.0003434 0.0004465 0.0005522 0.0004855 0.0005187 0.0006985 0.0003563 0.0005847 0.0004449 0.0005507 0.0002736 0.0004516 0.0003794 0.0004790 0.0003412 0.0003826 0.0004107 0.0004508 0.0003808 0.0004165 0.0006665 0.0003413 0.0003759 0.0004520 0.0003767 0.0004806 0.0004458 
Australia_B.6.6_EPI_ISL_563832_2020.227    0.0004125 0.0004849 0.0004863 0.0005885 0.0005523 0.0005568 0.0006399 0.0005866 0.0007051 0.0005297 0.0005863 0.0004462 0.0000000 0.0003829 0.0005860 0.0004816 0.0006594 0.0005994 0.0007745 0.0004139 0.0005877 0.0006216 0.0005875 0.0006077 0.0006703 0.0005915 0.0005860 0.0005231 0.0006236 0.0006569 0.0006218 0.0006577 0.0006236 0.0005531 0.0006576 0.0006594 0.0006322 0.0006233 0.0006217 0.0006567 0.0008021 0.0005863 0.0007741 0.0007033 0.0006573 0.0006224 0.0005871 0.0006231 0.0005860 0.0006222 0.0005885 0.0004460 0.0004479 0.0005524 0.0006941 0.0005873 0.0006229 0.0005855 0.0006231 0.0006319 0.0006358 0.0006591 0.0008590 0.0007374 0.0004453 0.0006216 0.0005894 0.0005983 0.0005624 0.0005877 0.0005989 0.0004486 0.0002038 0.0006940 0.0006661 0.0006990 0.0008104 0.0005831 0.0007262 0.0005850 0.0006923 0.0001364 0.0008119 0.0006646 0.0006921 0.0004816 0.0006345 0.0005880 0.0008103 0.0004870 0.0005964 0.0008511 0.0004458 0.0004807 0.0006706 0.0005539 0.0006576 0.0005863 
Australia_B_EPI_ISL_419734_2020.087        0.0000681 0.0002763 0.0001720 0.0002408 0.0002062 0.0002408 0.0004576 0.0003814 0.0003869 0.0003155 0.0003103 0.0002065 0.0003829 0.0000000 0.0003455 0.0002058 0.0002405 0.0003152 0.0004203 0.0003145 0.0003108 0.0003104 0.0003824 0.0002832 0.0003887 0.0003140 0.0003107 0.0002448 0.0002754 0.0003801 0.0003462 0.0003102 0.0003455 0.0002765 0.0003797 0.0003104 0.0002796 0.0003113 0.0003801 0.0003452 0.0004150 0.0003101 0.0004565 0.0003861 0.0004154 0.0002754 0.0003461 0.0002751 0.0002754 0.0003107 0.0003107 0.0001713 0.0002769 0.0002762 0.0004167 0.0003464 0.0003468 0.0004162 0.0003112 0.0004231 0.0003155 0.0003109 0.0005290 0.0003809 0.0003116 0.0003104 0.0003461 0.0004259 0.0004631 0.0004539 0.0002793 0.0002075 0.0003468 0.0004171 0.0003494 0.0003831 0.0005630 0.0002861 0.0004872 0.0003467 0.0004161 0.0002080 0.0004565 0.0004208 0.0003446 0.0002061 0.0003868 0.0002757 0.0004557 0.0003160 0.0002807 0.0005294 0.0002062 0.0002408 0.0003153 0.0003124 0.0003825 0.0003104 
Australia_B.29_EPI_ISL_419842_2020.208     0.0002710 0.0002733 0.0003778 0.0005136 0.0005152 0.0005182 0.0004920 0.0004095 0.0005914 0.0005652 0.0005835 0.0004803 0.0005860 0.0003455 0.0000000 0.0002707 0.0006218 0.0005601 0.0007356 0.0004832 0.0004097 0.0005120 0.0004816 0.0005682 0.0006695 0.0005909 0.0005485 0.0004855 0.0005483 0.0004792 0.0006196 0.0006201 0.0004090 0.0005141 0.0004427 0.0005835 0.0005941 0.0005135 0.0005121 0.0005466 0.0007232 0.0004096 0.0006599 0.0005899 0.0005472 0.0005850 0.0003397 0.0005478 0.0004771 0.0005125 0.0003746 0.0002717 0.0003067 0.0005498 0.0006216 0.0004455 0.0006586 0.0005483 0.0005132 0.0006648 0.0005229 0.0006214 0.0008171 0.0006965 0.0003753 0.0005120 0.0005508 0.0006689 0.0005275 0.0005870 0.0005596 0.0002036 0.0005144 0.0006195 0.0006265 0.0006593 0.0006253 0.0005368 0.0007260 0.0005852 0.0006184 0.0004483 0.0007728 0.0006653 0.0006543 0.0004449 0.0005939 0.0005495 0.0007712 0.0005569 0.0005948 0.0008095 0.0002024 0.0002363 0.0005936 0.0005880 0.0005855 0.0005129 
Australia_B.61_EPI_ISL_419843_2020.208     0.0001339 0.0002046 0.0003085 0.0003739 0.0003750 0.0003772 0.0003149 0.0002720 0.0005210 0.0004583 0.0004430 0.0003406 0.0004816 0.0002058 0.0002707 0.0000000 0.0004801 0.0004894 0.0005903 0.0003788 0.0002030 0.0004430 0.0003416 0.0004230 0.0005240 0.0004487 0.0004791 0.0004156 0.0004083 0.0002714 0.0005153 0.0004787 0.0002707 0.0004103 0.0003043 0.0004430 0.0004504 0.0004442 0.0004430 0.0004775 0.0005813 0.0002711 0.0005895 0.0005198 0.0004780 0.0004441 0.0002713 0.0004078 0.0004082 0.0004434 0.0002366 0.0000670 0.0001358 0.0004094 0.0004801 0.0003062 0.0005162 0.0004791 0.0004441 0.0005578 0.0004526 0.0004799 0.0006701 0.0005532 0.0002724 0.0004430 0.0004102 0.0005613 0.0003840 0.0005171 0.0004167 0.0001347 0.0004107 0.0005498 0.0004838 0.0005168 0.0004829 0.0004279 0.0006558 0.0005155 0.0005488 0.0003081 0.0006277 0.0005208 0.0005129 0.0003057 0.0004512 0.0004092 0.0006256 0.0004515 0.0004516 0.0006638 0.0000670 0.0001685 0.0004501 0.0004465 0.0005158 0.0004437 
Australia_B.1_EPI_ISL_419846_2020.208      0.0003415 0.0004848 0.0004509 0.0005159 0.0001694 0.0004124 0.0006382 0.0006572 0.0003826 0.0004944 0.0003070 0.0004461 0.0006594 0.0002405 0.0006218 0.0004801 0.0000000 0.0002425 0.0006635 0.0005571 0.0005856 0.0003071 0.0006588 0.0002105 0.0003484 0.0005563 0.0003066 0.0002415 0.0002725 0.0006197 0.0003072 0.0002719 0.0006217 0.0002736 0.0006556 0.0003070 0.0002412 0.0003079 0.0006563 0.0003415 0.0004451 0.0005494 0.0007379 0.0003818 0.0006920 0.0002376 0.0006228 0.0002722 0.0002725 0.0003074 0.0005867 0.0004099 0.0005184 0.0005523 0.0006942 0.0006304 0.0003077 0.0006934 0.0003078 0.0004175 0.0003138 0.0005507 0.0004917 0.0005889 0.0005871 0.0005862 0.0005864 0.0003849 0.0007098 0.0006957 0.0001720 0.0004841 0.0006226 0.0003770 0.0003100 0.0003434 0.0008074 0.0001766 0.0004808 0.0003422 0.0003761 0.0004492 0.0007004 0.0006644 0.0003058 0.0004452 0.0006300 0.0002379 0.0006990 0.0002769 0.0005600 0.0004871 0.0004811 0.0005161 0.0003119 0.0002738 0.0003784 0.0002725 
Australia_B.1_EPI_ISL_419861_2020.21       0.0003482 0.0004902 0.0003869 0.0005258 0.0001379 0.0004899 0.0006831 0.0005606 0.0003176 0.0005363 0.0003131 0.0004553 0.0005994 0.0003152 0.0005601 0.0004894 0.0002425 0.0000000 0.0007138 0.0005304 0.0005620 0.0002423 0.0006369 0.0002857 0.0003557 0.0005676 0.0002074 0.0001401 0.0002779 0.0006690 0.0003124 0.0003126 0.0006346 0.0002432 0.0006690 0.0003132 0.0002818 0.0001726 0.0005951 0.0002771 0.0004537 0.0005960 0.0006770 0.0003169 0.0006311 0.0002776 0.0005612 0.0002777 0.0002073 0.0002425 0.0005989 0.0004537 0.0004903 0.0005627 0.0007092 0.0006356 0.0003495 0.0006333 0.0002429 0.0003172 0.0002472 0.0005976 0.0005020 0.0006711 0.0005256 0.0005242 0.0005984 0.0003556 0.0007256 0.0006353 0.0002462 0.0004208 0.0005255 0.0003131 0.0003167 0.0003508 0.0008242 0.0002154 0.0003833 0.0002429 0.0003125 0.0004586 0.0007515 0.0007147 0.0003473 0.0004897 0.0006444 0.0002430 0.0007500 0.0002463 0.0005354 0.0004984 0.0004182 0.0004534 0.0003182 0.0002797 0.0003142 0.0002071 
Australia_A_EPI_ISL_419736_2020.18         0.0004496 0.0006709 0.0005619 0.0004860 0.0005549 0.0004535 0.0008317 0.0007715 0.0007842 0.0005379 0.0006990 0.0004158 0.0007745 0.0004203 0.0007356 0.0005903 0.0006635 0.0007138 0.0000000 0.0006710 0.0006985 0.0006992 0.0007736 0.0006510 0.0007498 0.0005264 0.0006981 0.0006363 0.0006632 0.0007330 0.0006996 0.0006605 0.0007353 0.0006659 0.0007696 0.0006991 0.0006353 0.0007012 0.0006283 0.0007347 0.0008416 0.0006604 0.0000670 0.0007823 0.0006644 0.0006251 0.0007369 0.0006624 0.0006631 0.0006999 0.0006998 0.0005190 0.0006310 0.0005226 0.0006667 0.0007449 0.0007009 0.0006658 0.0007011 0.0008200 0.0007147 0.0005212 0.0008997 0.0004479 0.0007005 0.0005567 0.0005570 0.0007889 0.0008280 0.0006680 0.0006377 0.0005953 0.0007366 0.0007728 0.0007061 0.0007390 0.0009243 0.0006183 0.0008796 0.0007363 0.0007706 0.0005600 0.0000335 0.0006357 0.0006962 0.0005549 0.0006019 0.0006260 0.0001005 0.0006744 0.0006745 0.0008910 0.0005915 0.0006279 0.0007100 0.0006666 0.0007757 0.0006630 
Australia_B.4.5_EPI_ISL_456589_2020.191    0.0003097 0.0003814 0.0003826 0.0004853 0.0004502 0.0004891 0.0005712 0.0005197 0.0006000 0.0004583 0.0004834 0.0003791 0.0004139 0.0003145 0.0004832 0.0003788 0.0005571 0.0005304 0.0006710 0.0000000 0.0005206 0.0005186 0.0005205 0.0004968 0.0006002 0.0005241 0.0005191 0.0004554 0.0005203 0.0005550 0.0005198 0.0005557 0.0005203 0.0004142 0.0005545 0.0005560 0.0005277 0.0005201 0.0005888 0.0005537 0.0006974 0.0004843 0.0006693 0.0005976 0.0006246 0.0005203 0.0004841 0.0005199 0.0004832 0.0005191 0.0004852 0.0003441 0.0003805 0.0004493 0.0005909 0.0004847 0.0005208 0.0005527 0.0005198 0.0005630 0.0005297 0.0005568 0.0007908 0.0006692 0.0003783 0.0005186 0.0005902 0.0005259 0.0005636 0.0005880 0.0005259 0.0003433 0.0004141 0.0006272 0.0005946 0.0006304 0.0007404 0.0005083 0.0006597 0.0005183 0.0006249 0.0003443 0.0007083 0.0006317 0.0005198 0.0001015 0.0006340 0.0005203 0.0007069 0.0004156 0.0005239 0.0007819 0.0003433 0.0003781 0.0005653 0.0004843 0.0005533 0.0005193 
Australia_B.40_EPI_ISL_419868_2020.21      0.0002714 0.0003094 0.0004496 0.0005143 0.0004796 0.0004834 0.0003505 0.0003062 0.0006667 0.0005677 0.0005844 0.0004802 0.0005877 0.0003108 0.0004097 0.0002030 0.0005856 0.0005620 0.0006985 0.0005206 0.0000000 0.0005844 0.0004466 0.0005331 0.0006699 0.0005909 0.0005850 0.0005223 0.0005492 0.0003051 0.0006211 0.0005840 0.0004096 0.0005513 0.0004434 0.0005844 0.0005567 0.0005860 0.0005845 0.0006194 0.0007243 0.0003745 0.0007355 0.0006651 0.0006199 0.0005490 0.0004104 0.0005486 0.0005491 0.0005850 0.0003752 0.0001690 0.0002040 0.0005507 0.0006220 0.0004108 0.0006222 0.0006212 0.0005859 0.0007036 0.0005978 0.0005853 0.0008176 0.0006615 0.0003764 0.0005844 0.0005511 0.0007082 0.0005278 0.0006600 0.0005245 0.0002734 0.0005512 0.0006929 0.0006267 0.0006596 0.0006257 0.0005384 0.0007630 0.0006221 0.0006912 0.0004485 0.0007356 0.0006286 0.0006183 0.0004096 0.0005942 0.0005497 0.0007341 0.0005948 0.0005951 0.0008098 0.0002034 0.0003060 0.0005940 0.0005883 0.0006586 0.0005852 
Australia_B.1_EPI_ISL_419880_2020.213      0.0003053 0.0004472 0.0003427 0.0004784 0.0002035 0.0004827 0.0006723 0.0005841 0.0002752 0.0005290 0.0002712 0.0004452 0.0006216 0.0003104 0.0005120 0.0004430 0.0003071 0.0002423 0.0006992 0.0005186 0.0005844 0.0000000 0.0006582 0.0001039 0.0003477 0.0005552 0.0001686 0.0001714 0.0001004 0.0006550 0.0001691 0.0002373 0.0005834 0.0002030 0.0006172 0.0001349 0.0002759 0.0002028 0.0005461 0.0001004 0.0002707 0.0005843 0.0006240 0.0002745 0.0005812 0.0002719 0.0005130 0.0001004 0.0001673 0.0002024 0.0005486 0.0004446 0.0004805 0.0005145 0.0006561 0.0006211 0.0002043 0.0005826 0.0000669 0.0003805 0.0002068 0.0005859 0.0003488 0.0006605 0.0005498 0.0004770 0.0005852 0.0003475 0.0007084 0.0006215 0.0001025 0.0003759 0.0005850 0.0001691 0.0001709 0.0003427 0.0008056 0.0002119 0.0002718 0.0001353 0.0001678 0.0004483 0.0007363 0.0007002 0.0002030 0.0004799 0.0006287 0.0002374 0.0007348 0.0002406 0.0005589 0.0004861 0.0003737 0.0004079 0.0002757 0.0002733 0.0002034 0.0000670 
Australia_B.31_EPI_ISL_521887_2020.221     0.0003418 0.0003802 0.0005227 0.0005874 0.0005516 0.0005562 0.0005687 0.0004821 0.0007428 0.0005676 0.0006198 0.0004804 0.0005875 0.0003824 0.0004816 0.0003416 0.0006588 0.0006369 0.0007736 0.0005205 0.0004466 0.0006582 0.0000000 0.0005762 0.0006337 0.0005556 0.0006225 0.0005597 0.0006224 0.0005154 0.0006945 0.0006570 0.0002038 0.0006255 0.0005155 0.0006581 0.0006315 0.0006600 0.0006582 0.0006934 0.0008005 0.0004454 0.0008121 0.0007410 0.0006941 0.0006218 0.0001356 0.0006219 0.0006224 0.0006588 0.0004468 0.0003068 0.0003791 0.0005861 0.0006581 0.0001025 0.0006572 0.0006568 0.0006597 0.0007421 0.0006735 0.0006584 0.0008583 0.0007369 0.0003811 0.0006582 0.0005888 0.0007081 0.0002080 0.0006599 0.0005621 0.0003443 0.0005885 0.0007323 0.0006654 0.0006622 0.0003446 0.0005774 0.0007733 0.0005863 0.0007298 0.0004484 0.0008111 0.0006272 0.0006914 0.0004809 0.0006338 0.0005874 0.0008094 0.0005589 0.0005659 0.0008502 0.0003423 0.0003769 0.0006696 0.0005882 0.0006592 0.0006227 
Australia_B.1_EPI_ISL_480562_2020.227      0.0002807 0.0004601 0.0003924 0.0004239 0.0001754 0.0004244 0.0006943 0.0006436 0.0003221 0.0004726 0.0002094 0.0003522 0.0006077 0.0002832 0.0005682 0.0004230 0.0002105 0.0002857 0.0006510 0.0004968 0.0005331 0.0001039 0.0005762 0.0000000 0.0002890 0.0004694 0.0002105 0.0002140 0.0000693 0.0006420 0.0001757 0.0002103 0.0005681 0.0001754 0.0006031 0.0001039 0.0002499 0.0002461 0.0005677 0.0001396 0.0002097 0.0005690 0.0006501 0.0003213 0.0006043 0.0002460 0.0005329 0.0000693 0.0002100 0.0002456 0.0005322 0.0004245 0.0004983 0.0004234 0.0005684 0.0004958 0.0001402 0.0005673 0.0001039 0.0003589 0.0002506 0.0005344 0.0003243 0.0005693 0.0004972 0.0004958 0.0005314 0.0003218 0.0006459 0.0006041 0.0000694 0.0004239 0.0005711 0.0002110 0.0001399 0.0002806 0.0007527 0.0002130 0.0002458 0.0001418 0.0002102 0.0003881 0.0006892 0.0006200 0.0001749 0.0004611 0.0005744 0.0002102 0.0006878 0.0002106 0.0004243 0.0004664 0.0004241 0.0004597 0.0002496 0.0002100 0.0002127 0.0001040 
Australia_B.1.1_EPI_ISL_521897_2020.232    0.0003828 0.0005656 0.0004947 0.0005604 0.0002426 0.0005649 0.0008034 0.0007076 0.0002048 0.0005757 0.0003111 0.0004879 0.0006703 0.0003887 0.0006695 0.0005240 0.0003484 0.0003557 0.0007498 0.0006002 0.0006699 0.0003477 0.0006337 0.0002890 0.0000000 0.0005640 0.0003480 0.0002820 0.0003124 0.0007046 0.0003838 0.0003475 0.0006694 0.0002781 0.0007039 0.0003477 0.0001010 0.0003487 0.0007047 0.0003828 0.0004883 0.0006325 0.0007877 0.0002043 0.0007413 0.0003124 0.0006709 0.0003122 0.0003124 0.0003481 0.0006337 0.0004887 0.0006011 0.0005591 0.0007036 0.0006403 0.0003476 0.0007029 0.0003485 0.0002048 0.0001368 0.0006341 0.0005754 0.0007484 0.0006046 0.0006332 0.0006690 0.0002047 0.0007555 0.0007405 0.0003175 0.0005266 0.0006351 0.0004553 0.0003861 0.0004213 0.0008968 0.0003260 0.0004952 0.0003124 0.0004543 0.0004898 0.0007877 0.0006744 0.0003821 0.0005249 0.0007144 0.0003125 0.0007861 0.0003157 0.0006113 0.0003423 0.0005250 0.0005606 0.0001360 0.0003125 0.0003477 0.0003482 
Australia_A.1_EPI_ISL_521899_2020.232      0.0003092 0.0004890 0.0004189 0.0001354 0.0004495 0.0001364 0.0007201 0.0006281 0.0006377 0.0001390 0.0005174 0.0001354 0.0005915 0.0003140 0.0005909 0.0004487 0.0005563 0.0005676 0.0005264 0.0005241 0.0005909 0.0005552 0.0005556 0.0004694 0.0005640 0.0000000 0.0005557 0.0004921 0.0005195 0.0006256 0.0005920 0.0005548 0.0005909 0.0005217 0.0006250 0.0005552 0.0005269 0.0005568 0.0004850 0.0005904 0.0006964 0.0005547 0.0005630 0.0006361 0.0005206 0.0005195 0.0005920 0.0005191 0.0005196 0.0005557 0.0005557 0.0004138 0.0005229 0.0001354 0.0004843 0.0005611 0.0005549 0.0004839 0.0005565 0.0006376 0.0005669 0.0002750 0.0007518 0.0003825 0.0005259 0.0002746 0.0004511 0.0006395 0.0006766 0.0005218 0.0005298 0.0004524 0.0005568 0.0006644 0.0005974 0.0006307 0.0007783 0.0004679 0.0007054 0.0005195 0.0006626 0.0004161 0.0005630 0.0004537 0.0005893 0.0004495 0.0004933 0.0005201 0.0005620 0.0005265 0.0005335 0.0007459 0.0004495 0.0004847 0.0005635 0.0005208 0.0005558 0.0005560 
Australia_B.1.13_EPI_ISL_419897_2020.213   0.0003406 0.0004836 0.0003785 0.0005146 0.0002032 0.0004831 0.0006729 0.0005489 0.0003107 0.0005294 0.0003063 0.0004456 0.0005860 0.0003107 0.0005485 0.0004791 0.0003066 0.0002074 0.0006981 0.0005191 0.0005850 0.0001686 0.0006225 0.0002105 0.0003480 0.0005557 0.0000000 0.0001369 0.0002032 0.0006540 0.0002368 0.0001689 0.0006201 0.0002377 0.0006542 0.0002374 0.0002755 0.0002375 0.0005825 0.0002025 0.0003744 0.0005835 0.0006620 0.0003099 0.0006180 0.0002715 0.0005494 0.0002029 0.0002027 0.0002372 0.0005853 0.0004440 0.0004809 0.0005511 0.0006932 0.0006213 0.0002725 0.0006193 0.0001691 0.0003453 0.0002422 0.0005851 0.0004196 0.0006611 0.0005145 0.0005132 0.0005858 0.0003478 0.0007091 0.0006221 0.0001722 0.0004117 0.0005496 0.0002373 0.0002400 0.0003430 0.0008065 0.0002121 0.0003057 0.0001690 0.0002369 0.0004487 0.0007352 0.0006992 0.0002708 0.0004791 0.0006293 0.0002376 0.0007337 0.0002408 0.0005594 0.0004866 0.0004092 0.0004437 0.0003111 0.0002735 0.0001698 0.0001341 
Australia_B.1_EPI_ISL_419901_2020.213      0.0002760 0.0004196 0.0003136 0.0004514 0.0001373 0.0004193 0.0006094 0.0004860 0.0002448 0.0004645 0.0002413 0.0003817 0.0005231 0.0002448 0.0004855 0.0004156 0.0002415 0.0001401 0.0006363 0.0004554 0.0005223 0.0001714 0.0005597 0.0002140 0.0002820 0.0004921 0.0001369 0.0000000 0.0002065 0.0005920 0.0002407 0.0002409 0.0005577 0.0001721 0.0005920 0.0002413 0.0002094 0.0001719 0.0005201 0.0002059 0.0003803 0.0005210 0.0005999 0.0002442 0.0005557 0.0002063 0.0004864 0.0002063 0.0001369 0.0001716 0.0004864 0.0003803 0.0004173 0.0004878 0.0005966 0.0005586 0.0002770 0.0005568 0.0001718 0.0002444 0.0001753 0.0005223 0.0004262 0.0005984 0.0004513 0.0004501 0.0005230 0.0002818 0.0006468 0.0005595 0.0001751 0.0003473 0.0004512 0.0002412 0.0002440 0.0002780 0.0007452 0.0001434 0.0003106 0.0001719 0.0002408 0.0003844 0.0006734 0.0006371 0.0002752 0.0004158 0.0005673 0.0001720 0.0006721 0.0001743 0.0004954 0.0004223 0.0003452 0.0003801 0.0002452 0.0002078 0.0002421 0.0001370 
Australia_B.1_EPI_ISL_419906_2020.216      0.0002710 0.0004836 0.0003786 0.0004435 0.0001693 0.0004475 0.0006747 0.0006209 0.0003107 0.0005307 0.0002369 0.0004102 0.0006236 0.0002754 0.0005483 0.0004083 0.0002725 0.0002779 0.0006632 0.0005203 0.0005492 0.0001004 0.0006224 0.0000693 0.0003124 0.0005195 0.0002032 0.0002065 0.0000000 0.0006194 0.0001696 0.0002031 0.0005482 0.0002038 0.0005819 0.0001004 0.0002411 0.0002376 0.0005826 0.0001339 0.0002365 0.0005490 0.0006623 0.0003100 0.0006179 0.0002375 0.0005494 0.0000670 0.0002027 0.0002371 0.0005136 0.0004097 0.0004821 0.0004793 0.0006204 0.0005855 0.0001699 0.0006191 0.0001004 0.0003465 0.0002422 0.0005504 0.0003134 0.0006247 0.0005516 0.0005131 0.0005498 0.0003486 0.0006717 0.0006584 0.0000683 0.0004117 0.0005515 0.0002036 0.0001355 0.0003079 0.0007683 0.0002124 0.0003069 0.0001697 0.0002033 0.0004131 0.0007000 0.0006640 0.0001689 0.0004449 0.0005929 0.0002031 0.0006986 0.0002414 0.0005229 0.0004508 0.0004093 0.0004437 0.0002409 0.0002387 0.0002382 0.0001006 
Australia_B.40_EPI_ISL_419913_2020.216     0.0003402 0.0004141 0.0005202 0.0005845 0.0005136 0.0005527 0.0004209 0.0003744 0.0007389 0.0006391 0.0006549 0.0005145 0.0006569 0.0003801 0.0004792 0.0002714 0.0006197 0.0006690 0.0007330 0.0005550 0.0003051 0.0006550 0.0005154 0.0006420 0.0007046 0.0006256 0.0006540 0.0005920 0.0006194 0.0000000 0.0006552 0.0006181 0.0004792 0.0006219 0.0005130 0.0006549 0.0005911 0.0006568 0.0006550 0.0006900 0.0007954 0.0004084 0.0008077 0.0007371 0.0006907 0.0005831 0.0004801 0.0006188 0.0006194 0.0006556 0.0004446 0.0002027 0.0002380 0.0006211 0.0006928 0.0004853 0.0006564 0.0006920 0.0006565 0.0007376 0.0006699 0.0006194 0.0008525 0.0007312 0.0004449 0.0006549 0.0005852 0.0007431 0.0005627 0.0006943 0.0005945 0.0003427 0.0005848 0.0007271 0.0006612 0.0006940 0.0006600 0.0006106 0.0008335 0.0006914 0.0007253 0.0004828 0.0007700 0.0006630 0.0006522 0.0004436 0.0006288 0.0005838 0.0007685 0.0006296 0.0006298 0.0008445 0.0002719 0.0003751 0.0006657 0.0006225 0.0007298 0.0006194 
Australia_B.1_EPI_ISL_419742_2020.186      0.0003762 0.0005552 0.0004493 0.0005511 0.0002036 0.0005192 0.0006741 0.0006549 0.0003813 0.0005302 0.0003417 0.0004812 0.0006218 0.0003462 0.0006196 0.0005153 0.0003072 0.0003124 0.0006996 0.0005198 0.0006211 0.0001691 0.0006945 0.0001757 0.0003838 0.0005920 0.0002368 0.0002407 0.0001696 0.0006552 0.0000000 0.0002374 0.0006572 0.0002382 0.0006911 0.0002039 0.0002761 0.0003068 0.0006540 0.0002031 0.0003411 0.0005847 0.0007351 0.0003805 0.0006896 0.0002720 0.0006207 0.0001695 0.0002715 0.0003063 0.0006221 0.0004448 0.0004816 0.0005877 0.0007310 0.0006664 0.0002044 0.0006909 0.0001695 0.0003809 0.0003127 0.0005861 0.0003851 0.0006978 0.0005500 0.0005841 0.0006219 0.0003483 0.0007465 0.0006933 0.0001379 0.0004824 0.0005853 0.0001688 0.0002059 0.0003784 0.0008439 0.0002513 0.0003404 0.0002035 0.0002372 0.0004845 0.0007366 0.0007005 0.0002031 0.0004802 0.0006671 0.0002723 0.0007352 0.0002412 0.0005959 0.0005227 0.0004794 0.0005143 0.0003470 0.0003086 0.0003074 0.0001342 
Australia_B.1_EPI_ISL_419916_2020.216      0.0003404 0.0005555 0.0004496 0.0005143 0.0001689 0.0004824 0.0007109 0.0006553 0.0003815 0.0005668 0.0003061 0.0004449 0.0006577 0.0003102 0.0006201 0.0004787 0.0002719 0.0003126 0.0006605 0.0005557 0.0005840 0.0002373 0.0006570 0.0002103 0.0003475 0.0005548 0.0001689 0.0002409 0.0002031 0.0006181 0.0002374 0.0000000 0.0006198 0.0002728 0.0006538 0.0002373 0.0002405 0.0003070 0.0006543 0.0002714 0.0003742 0.0005479 0.0007355 0.0003807 0.0006900 0.0002369 0.0006211 0.0002028 0.0002717 0.0003064 0.0005850 0.0004088 0.0005171 0.0005508 0.0006923 0.0006285 0.0002379 0.0006915 0.0002379 0.0004163 0.0003129 0.0005493 0.0004189 0.0006600 0.0005856 0.0005845 0.0005848 0.0003839 0.0007079 0.0006939 0.0001719 0.0004828 0.0006210 0.0003065 0.0002396 0.0003425 0.0008050 0.0002481 0.0004096 0.0002720 0.0003058 0.0004480 0.0006984 0.0006615 0.0002364 0.0004439 0.0006283 0.0002373 0.0006970 0.0002762 0.0005585 0.0004858 0.0004797 0.0005145 0.0003109 0.0002731 0.0001008 0.0002030 
Australia_B.31_EPI_ISL_419918_2020.216     0.0002709 0.0003434 0.0004488 0.0005133 0.0005150 0.0005180 0.0005297 0.0004803 0.0006656 0.0006036 0.0005833 0.0004802 0.0006236 0.0003455 0.0004090 0.0002707 0.0006217 0.0006346 0.0007353 0.0005203 0.0004096 0.0005834 0.0002038 0.0005681 0.0006694 0.0005909 0.0006201 0.0005577 0.0005482 0.0004792 0.0006572 0.0006198 0.0000000 0.0005509 0.0004426 0.0005833 0.0005938 0.0005848 0.0005833 0.0006182 0.0007230 0.0004095 0.0007342 0.0006637 0.0006188 0.0005848 0.0001339 0.0005475 0.0005481 0.0005839 0.0003745 0.0002716 0.0003425 0.0005497 0.0006216 0.0001692 0.0006585 0.0006202 0.0005849 0.0007399 0.0005967 0.0006214 0.0008171 0.0006964 0.0004115 0.0005834 0.0005508 0.0007078 0.0001031 0.0006596 0.0005596 0.0002730 0.0005869 0.0006920 0.0006265 0.0006592 0.0002047 0.0005378 0.0008005 0.0006575 0.0006908 0.0004483 0.0007726 0.0006653 0.0006543 0.0004447 0.0005939 0.0005494 0.0007711 0.0005947 0.0005948 0.0008093 0.0002713 0.0003054 0.0005932 0.0005880 0.0006579 0.0005843 
Australia_B.1_EPI_ISL_419919_2020.216      0.0002723 0.0004490 0.0003440 0.0004457 0.0001700 0.0004493 0.0006023 0.0005863 0.0002761 0.0004225 0.0002381 0.0004119 0.0005531 0.0002765 0.0005141 0.0004103 0.0002736 0.0002432 0.0006659 0.0004142 0.0005513 0.0002030 0.0006255 0.0001754 0.0002781 0.0005217 0.0002377 0.0001721 0.0002038 0.0006219 0.0002382 0.0002728 0.0005509 0.0000000 0.0005849 0.0002381 0.0002420 0.0002036 0.0005482 0.0002371 0.0003755 0.0005513 0.0006262 0.0002755 0.0005835 0.0002384 0.0005149 0.0002035 0.0001689 0.0002032 0.0005161 0.0004114 0.0004123 0.0004819 0.0006230 0.0005886 0.0003088 0.0005847 0.0002036 0.0003119 0.0002076 0.0005527 0.0004568 0.0006272 0.0004816 0.0004789 0.0005521 0.0002429 0.0006373 0.0005870 0.0001726 0.0003421 0.0005168 0.0003070 0.0002405 0.0003092 0.0007344 0.0001431 0.0004110 0.0002729 0.0003063 0.0003792 0.0007031 0.0006670 0.0003069 0.0004467 0.0005588 0.0001695 0.0007017 0.0001372 0.0004888 0.0004525 0.0003750 0.0004095 0.0002419 0.0002397 0.0002382 0.0002033 
Australia_B.35_EPI_ISL_419928_2020.219     0.0003045 0.0003084 0.0004830 0.0005472 0.0005489 0.0005522 0.0005645 0.0005142 0.0007000 0.0006385 0.0006171 0.0005141 0.0006576 0.0003797 0.0004427 0.0003043 0.0006556 0.0006690 0.0007696 0.0005545 0.0004434 0.0006172 0.0005155 0.0006031 0.0007039 0.0006250 0.0006542 0.0005920 0.0005819 0.0005130 0.0006911 0.0006538 0.0004426 0.0005849 0.0000000 0.0006172 0.0006283 0.0006189 0.0006173 0.0006520 0.0007569 0.0002366 0.0007686 0.0006981 0.0006527 0.0006187 0.0004436 0.0005814 0.0005819 0.0006178 0.0003396 0.0003053 0.0003764 0.0005835 0.0006555 0.0004792 0.0006925 0.0006541 0.0006187 0.0007742 0.0006311 0.0006552 0.0008515 0.0007305 0.0003762 0.0006172 0.0005846 0.0007424 0.0005621 0.0006937 0.0005940 0.0002382 0.0006209 0.0007259 0.0006606 0.0006932 0.0006593 0.0006101 0.0008344 0.0006916 0.0007246 0.0004823 0.0008068 0.0006995 0.0006880 0.0004786 0.0006281 0.0005832 0.0008052 0.0006291 0.0006291 0.0008435 0.0003050 0.0002708 0.0006277 0.0006220 0.0006919 0.0006182 
Australia_B.1.319_EPI_ISL_419940_2020.219  0.0003053 0.0005189 0.0004136 0.0004784 0.0002035 0.0004827 0.0007113 0.0006564 0.0003457 0.0005671 0.0002711 0.0004452 0.0006594 0.0003104 0.0005835 0.0004430 0.0003070 0.0003132 0.0006991 0.0005560 0.0005844 0.0001349 0.0006581 0.0001039 0.0003477 0.0005552 0.0002374 0.0002413 0.0001004 0.0006549 0.0002039 0.0002373 0.0005833 0.0002381 0.0006172 0.0000000 0.0002759 0.0002719 0.0006177 0.0001687 0.0002707 0.0005842 0.0006982 0.0003449 0.0006532 0.0002718 0.0005846 0.0001004 0.0002369 0.0002714 0.0005486 0.0004446 0.0005174 0.0005145 0.0006561 0.0006211 0.0002043 0.0006547 0.0001352 0.0004171 0.0002772 0.0005858 0.0003488 0.0006605 0.0005871 0.0005482 0.0005852 0.0003841 0.0007084 0.0006943 0.0001025 0.0004468 0.0006226 0.0002380 0.0001709 0.0003427 0.0008056 0.0002482 0.0003416 0.0002040 0.0002376 0.0004483 0.0007363 0.0007002 0.0002030 0.0004798 0.0006287 0.0002374 0.0007348 0.0002764 0.0005588 0.0004861 0.0004441 0.0004785 0.0002757 0.0002733 0.0002727 0.0001351 
Australia_B.1.1_EPI_ISL_419945_2020.219    0.0003106 0.0005275 0.0004205 0.0004863 0.0001371 0.0004538 0.0006854 0.0006298 0.0001354 0.0005383 0.0002759 0.0004161 0.0006322 0.0002796 0.0005941 0.0004504 0.0002412 0.0002818 0.0006353 0.0005277 0.0005567 0.0002759 0.0006315 0.0002499 0.0001010 0.0005269 0.0002755 0.0002094 0.0002411 0.0005911 0.0002761 0.0002405 0.0005938 0.0002420 0.0006283 0.0002759 0.0000000 0.0002766 0.0006287 0.0003107 0.0004151 0.0005203 0.0007099 0.0001351 0.0006650 0.0002059 0.0005951 0.0002408 0.0002411 0.0002762 0.0005576 0.0003798 0.0004889 0.0005230 0.0006673 0.0006019 0.0002766 0.0006664 0.0002766 0.0001693 0.0000674 0.0005216 0.0004624 0.0006343 0.0005582 0.0005572 0.0005575 0.0001362 0.0006824 0.0006686 0.0002100 0.0004542 0.0005949 0.0003464 0.0002786 0.0003125 0.0007803 0.0002157 0.0004511 0.0003113 0.0003456 0.0004191 0.0006725 0.0006363 0.0002748 0.0004152 0.0006024 0.0002062 0.0006712 0.0002451 0.0005304 0.0002371 0.0004513 0.0004865 0.0000670 0.0002423 0.0003477 0.0002410 
Australia_B.1_EPI_ISL_419949_2020.219      0.0003062 0.0004484 0.0003437 0.0004796 0.0001353 0.0004840 0.0006741 0.0005857 0.0002759 0.0005305 0.0002719 0.0004464 0.0006233 0.0003113 0.0005135 0.0004442 0.0003079 0.0001726 0.0007012 0.0005201 0.0005860 0.0002028 0.0006600 0.0002461 0.0003487 0.0005568 0.0002375 0.0001719 0.0002376 0.0006568 0.0003068 0.0003070 0.0005848 0.0002036 0.0006189 0.0002719 0.0002766 0.0000000 0.0005474 0.0002368 0.0004093 0.0005859 0.0006255 0.0002751 0.0005828 0.0002726 0.0005144 0.0002372 0.0001687 0.0002030 0.0005501 0.0004459 0.0004818 0.0005160 0.0006579 0.0006228 0.0003433 0.0005842 0.0002033 0.0003815 0.0002074 0.0005875 0.0004921 0.0006623 0.0005513 0.0004783 0.0005869 0.0003484 0.0007104 0.0006232 0.0002424 0.0003770 0.0005867 0.0003068 0.0003102 0.0003437 0.0008081 0.0002126 0.0004110 0.0002727 0.0003063 0.0004496 0.0007385 0.0007023 0.0003411 0.0004811 0.0006315 0.0002381 0.0007370 0.0002413 0.0005604 0.0004874 0.0003747 0.0004090 0.0002764 0.0002741 0.0002729 0.0002031 
Australia_A.2.2_EPI_ISL_420036_2020.219    0.0003739 0.0004472 0.0004120 0.0004093 0.0005494 0.0004131 0.0006723 0.0005842 0.0006270 0.0004577 0.0006177 0.0003761 0.0006217 0.0003801 0.0005121 0.0004430 0.0006563 0.0005951 0.0006283 0.0005888 0.0005845 0.0005461 0.0006582 0.0005677 0.0007047 0.0004850 0.0005825 0.0005201 0.0005826 0.0006550 0.0006540 0.0006543 0.0005833 0.0005482 0.0006173 0.0006177 0.0006287 0.0005474 0.0000000 0.0005807 0.0007575 0.0005843 0.0005538 0.0006243 0.0000335 0.0006192 0.0005131 0.0005817 0.0005111 0.0005466 0.0005487 0.0004447 0.0004805 0.0004452 0.0002379 0.0006212 0.0006932 0.0000335 0.0005475 0.0007360 0.0005577 0.0005161 0.0008526 0.0005900 0.0005499 0.0004082 0.0000337 0.0007040 0.0007085 0.0000675 0.0005946 0.0003760 0.0005851 0.0006539 0.0006613 0.0006940 0.0008057 0.0005364 0.0007606 0.0006196 0.0006528 0.0004484 0.0006652 0.0001374 0.0006888 0.0005493 0.0000686 0.0005838 0.0006639 0.0005917 0.0006298 0.0008444 0.0003737 0.0004079 0.0006282 0.0006226 0.0006200 0.0005470 
